fecha	objective	metric	first_metric_only	boost_from_average	feature_pre_filter	verbosity	max_depth	min_gain_to_split	lambda_l1	lambda_l2	max_bin	num_iterations	force_row_wise	seed	learning_rate	feature_fraction	min_data_in_leaf	num_leaves	envios	ganancia	iteracion
20221002 222451	binary	custom	TRUE	TRUE	FALSE	-100	-1	0	0	0	31	147	TRUE	318601	0.145616429807909	0.306784136034548	7809	518	8868	25710000	1
20221002 222641	binary	custom	TRUE	TRUE	FALSE	-100	-1	0	0	0	31	147	TRUE	318601	0.145616429807909	0.306784136034548	7809	518	8868	25710000	2
20221002 222709	binary	custom	TRUE	TRUE	FALSE	-100	-1	0	0	0	31	40	TRUE	318601	0.0834737972259172	0.663690977990627	885	253	10355	26170000	3
20221002 222720	binary	custom	TRUE	TRUE	FALSE	-100	-1	0	0	0	31	45	TRUE	318601	0.223651835209283	0.792193759297952	3881	202	8493	25900000	4
20221002 222731	binary	custom	TRUE	TRUE	FALSE	-100	-1	0	0	0	31	24	TRUE	318601	0.180621412794164	0.352816785583273	4437	727	13920	23840000	5
20221002 222742	binary	custom	TRUE	TRUE	FALSE	-100	-1	0	0	0	31	35	TRUE	318601	0.199064192932565	0.929384038336575	3405	547	5723	2.4e+07	6
20221002 223020	binary	custom	TRUE	TRUE	FALSE	-100	-1	0	0	0	31	968	TRUE	318601	0.0134893078774912	0.561041131941602	7423	442	7500	27080000	7
20221002 223104	binary	custom	TRUE	TRUE	FALSE	-100	-1	0	0	0	31	187	TRUE	318601	0.0367331836398225	0.504130012392998	2861	811	12222	25400000	8
20221002 223121	binary	custom	TRUE	TRUE	FALSE	-100	-1	0	0	0	31	81	TRUE	318601	0.18422110872739	0.467979650488123	5328	693	7407	25670000	9
20221002 223138	binary	custom	TRUE	TRUE	FALSE	-100	-1	0	0	0	31	80	TRUE	318601	0.133513528499752	0.808093674657866	5017	66	12825	24510000	10
20221002 223148	binary	custom	TRUE	TRUE	FALSE	-100	-1	0	0	0	31	12	TRUE	318601	0.227599090844742	0.619345259433612	2030	826	14414	22700000	11
20221002 223200	binary	custom	TRUE	TRUE	FALSE	-100	-1	0	0	0	31	9	TRUE	318601	0.255031653499231	0.700226778648794	607	117	9397	22810000	12
20221002 223211	binary	custom	TRUE	TRUE	FALSE	-100	-1	0	0	0	31	54	TRUE	318601	0.291373399241304	0.236966561852023	6685	301	6507	25710000	13
20221002 223233	binary	custom	TRUE	TRUE	FALSE	-100	-1	0	0	0	31	60	TRUE	318601	0.0626057774724904	0.725666746441275	1502	577	9846	26390000	14
20221002 223318	binary	custom	TRUE	TRUE	FALSE	-100	-1	0	0	0	31	302	TRUE	318601	0.0723070157451439	0.419531271094456	4339	48	10779	26210000	15
20221002 223325	binary	custom	TRUE	TRUE	FALSE	-100	-1	0	0	0	31	15	TRUE	318601	0.264829627023078	0.868293732879683	5835	671	11631	24900000	16
20221002 223350	binary	custom	TRUE	TRUE	FALSE	-100	-1	0	0	0	31	95	TRUE	318601	0.114814831251162	0.543968258360401	1750	1012	5210	24300000	17
20221002 223407	binary	custom	TRUE	TRUE	FALSE	-100	-1	0	0	0	31	111	TRUE	318601	0.104167348725547	0.912540982346982	6041	408	6034	25300000	18
20221002 223443	binary	custom	TRUE	TRUE	FALSE	-100	-1	0	0	0	31	130	TRUE	318601	0.0285841408901033	0.390601489450783	6857	880	14917	23210000	19
20221002 223556	binary	custom	TRUE	TRUE	FALSE	-100	-1	0	0	0	31	147	TRUE	318601	0.157656915107451	0.991152786435559	147	973	13243	22240000	20
20221002 223619	binary	custom	TRUE	TRUE	FALSE	-100	-1	0	0	0	31	165	TRUE	318601	0.278271642649896	0.24389444578439	2505	355	11460	24360000	21
20221002 223902	binary	custom	TRUE	TRUE	FALSE	-100	-1	0	0	0	31	1071	TRUE	318601	0.0134389735963843	0.537028044603482	3755	311	8448	27030000	22
20221002 224018	binary	custom	TRUE	TRUE	FALSE	-100	-1	0	0	0	31	457	TRUE	318601	0.0155421859601605	0.595450568510805	6378	261	8313	27060000	23
20221002 224141	binary	custom	TRUE	TRUE	FALSE	-100	-1	0	0	0	31	673	TRUE	318601	0.0219941673084364	0.22838393549606	5669	422	7894	27020000	24
20221002 224223	binary	custom	TRUE	TRUE	FALSE	-100	-1	0	0	0	31	207	TRUE	318601	0.0444330080890935	0.549425413050758	4681	406	8558	26810000	25
20221002 224746	binary	custom	TRUE	TRUE	FALSE	-100	-1	0	0	0	31	2371	TRUE	318601	0.00504683152195301	0.384958321878487	7135	199	7430	26740000	26
20221002 225133	binary	custom	TRUE	TRUE	FALSE	-100	-1	0	0	0	31	1348	TRUE	318601	0.00501459448528132	0.586437409931521	6283	574	8026	26750000	27
20221002 225256	binary	custom	TRUE	TRUE	FALSE	-100	-1	0	0	0	31	370	TRUE	318601	0.0210996425070243	0.232977069719747	2109	309	9550	27220000	28
20221002 225406	binary	custom	TRUE	TRUE	FALSE	-100	-1	0	0	0	31	292	TRUE	318601	0.0152748894889307	0.631975485795989	2291	265	9923	26880000	29
20221002 225443	binary	custom	TRUE	TRUE	FALSE	-100	-1	0	0	0	31	193	TRUE	318601	0.0339485894196315	0.202462816091344	2517	289	8390	27140000	30
20221002 225615	binary	custom	TRUE	TRUE	FALSE	-100	-1	0	0	0	31	410	TRUE	318601	0.0138548276140115	0.276981655581068	1214	401	8748	27150000	31
20221002 225752	binary	custom	TRUE	TRUE	FALSE	-100	-1	0	0	0	31	944	TRUE	318601	0.0177130677646472	0.959872374149049	7997	337	8211	26700000	32
20221002 225900	binary	custom	TRUE	TRUE	FALSE	-100	-1	0	0	0	31	397	TRUE	318601	0.0202715959958596	0.201254569355369	2741	415	9069	27070000	33
20221002 225951	binary	custom	TRUE	TRUE	FALSE	-100	-1	0	0	0	31	213	TRUE	318601	0.0273930985205174	0.293841941051002	1577	276	9155	27210000	34
20221002 230037	binary	custom	TRUE	TRUE	FALSE	-100	-1	0	0	0	31	214	TRUE	318601	0.0282049531183855	0.20010074345502	1314	338	10092	26460000	35
20221002 230208	binary	custom	TRUE	TRUE	FALSE	-100	-1	0	0	0	31	415	TRUE	318601	0.0138958944027784	0.344771633291524	2062	266	8670	27060000	36
20221002 230354	binary	custom	TRUE	TRUE	FALSE	-100	-1	0	0	0	31	554	TRUE	318601	0.0135938496407524	0.255410857219066	3651	27	8411	27340000	37
20221002 230415	binary	custom	TRUE	TRUE	FALSE	-100	-1	0	0	0	31	130	TRUE	318601	0.0673635082040145	0.785684474638662	7978	153	7888	26870000	38
20221002 230553	binary	custom	TRUE	TRUE	FALSE	-100	-1	0	0	0	31	432	TRUE	318601	0.0154528689252179	0.240170899128485	2398	164	7288	27350000	39
20221002 230700	binary	custom	TRUE	TRUE	FALSE	-100	-1	0	0	0	31	365	TRUE	318601	0.0149627024570454	0.732389579759075	4296	201	7318	26730000	40
20221002 230745	binary	custom	TRUE	TRUE	FALSE	-100	-1	0	0	0	31	303	TRUE	318601	0.0248897093190558	0.790135525623767	8000	275	9643	26160000	41
20221002 231058	binary	custom	TRUE	TRUE	FALSE	-100	-1	0	0	0	31	1063	TRUE	318601	0.00857379772418251	0.254568237952345	3603	255	7721	27520000	42
20221002 231114	binary	custom	TRUE	TRUE	FALSE	-100	-1	0	0	0	31	68	TRUE	318601	0.181279513823114	0.998724806133029	7983	132	8265	26110000	43
20221002 231303	binary	custom	TRUE	TRUE	FALSE	-100	-1	0	0	0	31	591	TRUE	318601	0.00834591324824145	0.228413080502126	4398	267	5023	24280000	44
20221002 231321	binary	custom	TRUE	TRUE	FALSE	-100	-1	0	0	0	31	59	TRUE	318601	0.0838929352827401	0.259164178698959	3201	175	7624	26040000	45
20221002 231332	binary	custom	TRUE	TRUE	FALSE	-100	-1	0	0	0	31	57	TRUE	318601	0.236204695151386	0.651884533598682	8000	268	7745	25710000	46
20221002 231357	binary	custom	TRUE	TRUE	FALSE	-100	-1	0	0	0	31	155	TRUE	318601	0.0490025589487676	0.938316454976737	3634	17	9060	26680000	47
20221002 231938	binary	custom	TRUE	TRUE	FALSE	-100	-1	0	0	0	31	1255	TRUE	318601	0.00556721790085554	0.793344553110324	8	176	7836	26810000	48
20221002 232037	binary	custom	TRUE	TRUE	FALSE	-100	-1	0	0	0	31	367	TRUE	318601	0.0305432936488921	0.631959519518597	1276	43	7840	26880000	49
20221002 232453	binary	custom	TRUE	TRUE	FALSE	-100	-1	0	0	0	31	926	TRUE	318601	0.00500244938678657	0.242688769836711	1721	234	7825	27550000	50
20221002 233107	binary	custom	TRUE	TRUE	FALSE	-100	-1	0	0	0	31	1577	TRUE	318601	0.00624259409925438	0.254802037858093	20	235	7645	27110000	51
20221002 233328	binary	custom	TRUE	TRUE	FALSE	-100	-1	0	0	0	31	941	TRUE	318601	0.00776325779326283	0.253793077840887	7996	1022	7652	26300000	52
20221002 234452	binary	custom	TRUE	TRUE	FALSE	-100	-1	0	0	0	31	649	TRUE	318601	0.00512921525346505	0.60971003305086	4	916	7640	25600000	53
20221002 234554	binary	custom	TRUE	TRUE	FALSE	-100	-1	0	0	0	31	217	TRUE	318601	0.0195862176752965	0.999847164048913	1524	253	8012	27020000	54
20221002 234828	binary	custom	TRUE	TRUE	FALSE	-100	-1	0	0	0	31	1134	TRUE	318601	0.00531656670410979	0.99183944726138	554	16	9630	26340000	55
20221002 234854	binary	custom	TRUE	TRUE	FALSE	-100	-1	0	0	0	31	183	TRUE	318601	0.0575347097541959	0.817442291319064	7997	1023	7655	26690000	56
20221002 234904	binary	custom	TRUE	TRUE	FALSE	-100	-1	0	0	0	31	43	TRUE	318601	0.299757985404149	0.998818285138243	6816	1019	8128	25750000	57
20221002 234919	binary	custom	TRUE	TRUE	FALSE	-100	-1	0	0	0	31	75	TRUE	318601	0.297855788396096	0.250140878206507	6747	1024	8556	25210000	58
20221002 235019	binary	custom	TRUE	TRUE	FALSE	-100	-1	0	0	0	31	390	TRUE	318601	0.0214978690725581	0.999311674688234	3816	1024	8146	26670000	59
20221002 235101	binary	custom	TRUE	TRUE	FALSE	-100	-1	0	0	0	31	170	TRUE	318601	0.0300646247543945	0.831748847491576	2480	303	8225	27070000	60
20221002 235129	binary	custom	TRUE	TRUE	FALSE	-100	-1	0	0	0	31	224	TRUE	318601	0.0695075725424468	0.999922282910154	7021	749	8306	26670000	61
20221002 235351	binary	custom	TRUE	TRUE	FALSE	-100	-1	0	0	0	31	905	TRUE	318601	0.00957597668764999	0.246889132876016	3503	993	7802	27440000	62
20221002 235509	binary	custom	TRUE	TRUE	FALSE	-100	-1	0	0	0	31	585	TRUE	318601	0.0344128118627656	0.547525466549267	7897	16	7917	27290000	63
20221003 000759	binary	custom	TRUE	TRUE	FALSE	-100	-1	0	0	0	31	2101	TRUE	318601	0.00688393796228564	0.641547069074004	7979	16	7648	26870000	64
20221003 002812	binary	custom	TRUE	TRUE	FALSE	-100	-1	0	0	0	31	2122	TRUE	318601	0.00524909563520169	0.248932139144313	3312	739	7787	27310000	65
20221003 003109	binary	custom	TRUE	TRUE	FALSE	-100	-1	0	0	0	31	1009	TRUE	318601	0.00662622697343146	0.263265355857736	3822	1023	9321	26800000	66
20221003 003153	binary	custom	TRUE	TRUE	FALSE	-100	-1	0	0	0	31	221	TRUE	318601	0.028043072952219	0.244166207585916	2992	1024	7675	26890000	67
20221003 003238	binary	custom	TRUE	TRUE	FALSE	-100	-1	0	0	0	31	287	TRUE	318601	0.0499239976424174	0.568181398105342	7958	298	7855	26930000	68
20221003 003504	binary	custom	TRUE	TRUE	FALSE	-100	-1	0	0	0	31	1294	TRUE	318601	0.00995865533304667	0.999492753158388	7302	1016	7050	26380000	69
20221003 003516	binary	custom	TRUE	TRUE	FALSE	-100	-1	0	0	0	31	49	TRUE	318601	0.210061380739615	0.244237248531921	6172	16	9121	26320000	70
20221003 003535	binary	custom	TRUE	TRUE	FALSE	-100	-1	0	0	0	31	102	TRUE	318601	0.117245079734053	0.584197466328113	6914	16	8367	26230000	71
20221003 003612	binary	custom	TRUE	TRUE	FALSE	-100	-1	0	0	0	31	263	TRUE	318601	0.035758437098401	0.783379643398223	6995	20	7740	26760000	72
20221003 003705	binary	custom	TRUE	TRUE	FALSE	-100	-1	0	0	0	31	167	TRUE	318601	0.0562858954203924	0.954881145584398	1	207	7955	24410000	73
20221003 004009	binary	custom	TRUE	TRUE	FALSE	-100	-1	0	0	0	31	909	TRUE	318601	0.00503991784483661	0.999746504216779	3104	281	8080	26800000	74
20221003 004031	binary	custom	TRUE	TRUE	FALSE	-100	-1	0	0	0	31	107	TRUE	318601	0.0869906120708508	0.730333518270452	4822	1023	9298	26690000	75
20221003 004046	binary	custom	TRUE	TRUE	FALSE	-100	-1	0	0	0	31	70	TRUE	318601	0.129163282582152	0.857447579956994	8000	1019	8464	25560000	76
20221003 004106	binary	custom	TRUE	TRUE	FALSE	-100	-1	0	0	0	31	89	TRUE	318601	0.077609463835282	0.697509968869935	3732	161	9508	26750000	77
20221003 004215	binary	custom	TRUE	TRUE	FALSE	-100	-1	0	0	0	31	283	TRUE	318601	0.018113391109862	0.785954907189233	1633	113	8948	27310000	78
20221003 004322	binary	custom	TRUE	TRUE	FALSE	-100	-1	0	0	0	31	486	TRUE	318601	0.0224655174818364	0.648246509000456	5119	1009	7782	27080000	79
20221003 004334	binary	custom	TRUE	TRUE	FALSE	-100	-1	0	0	0	31	71	TRUE	318601	0.299449884170798	0.999863393427535	6423	17	8310	25700000	80
20221003 004540	binary	custom	TRUE	TRUE	FALSE	-100	-1	0	0	0	31	891	TRUE	318601	0.011628422858006	0.250724677191305	4285	912	7759	27290000	81
20221003 004708	binary	custom	TRUE	TRUE	FALSE	-100	-1	0	0	0	31	536	TRUE	318601	0.0233563103344869	0.880637825314444	1750	241	11312	26420000	82
20221003 004724	binary	custom	TRUE	TRUE	FALSE	-100	-1	0	0	0	31	108	TRUE	318601	0.193185574306982	0.728566044267242	6186	20	9343	26280000	83
20221003 005033	binary	custom	TRUE	TRUE	FALSE	-100	-1	0	0	0	31	1005	TRUE	318601	0.00824800726572213	0.766526947602006	1552	319	7877	27210000	84
20221003 005115	binary	custom	TRUE	TRUE	FALSE	-100	-1	0	0	0	31	233	TRUE	318601	0.025912912177893	0.869700323670489	5278	718	8269	26990000	85
20221003 005131	binary	custom	TRUE	TRUE	FALSE	-100	-1	0	0	0	31	68	TRUE	318601	0.0848377870079145	0.999572511548942	6978	18	9233	26660000	86
20221003 005146	binary	custom	TRUE	TRUE	FALSE	-100	-1	0	0	0	31	46	TRUE	318601	0.137598400112991	0.235509256589351	2176	16	9531	25820000	87
20221003 005231	binary	custom	TRUE	TRUE	FALSE	-100	-1	0	0	0	31	229	TRUE	318601	0.0231475769794127	0.768890313625371	3664	919	9224	26760000	88
20221003 005242	binary	custom	TRUE	TRUE	FALSE	-100	-1	0	0	0	31	42	TRUE	318601	0.222943565817913	0.999788685272159	6260	282	9037	26250000	89
20221003 005318	binary	custom	TRUE	TRUE	FALSE	-100	-1	0	0	0	31	186	TRUE	318601	0.0342513330833417	0.999239563738907	4815	402	9312	26660000	90
20221003 005332	binary	custom	TRUE	TRUE	FALSE	-100	-1	0	0	0	31	84	TRUE	318601	0.202166107540448	0.201325472678943	7989	39	5124	24880000	91
20221003 005344	binary	custom	TRUE	TRUE	FALSE	-100	-1	0	0	0	31	58	TRUE	318601	0.299917157482643	0.20026330980088	7985	29	14774	22700000	92
20221003 005447	binary	custom	TRUE	TRUE	FALSE	-100	-1	0	0	0	31	343	TRUE	318601	0.0228867550976522	0.496317810919962	6333	1019	7807	26870000	93
20221003 005500	binary	custom	TRUE	TRUE	FALSE	-100	-1	0	0	0	31	53	TRUE	318601	0.242664217430855	0.200633806135949	4338	26	7507	24830000	94
20221003 005509	binary	custom	TRUE	TRUE	FALSE	-100	-1	0	0	0	31	36	TRUE	318601	0.299993799403053	0.792895214808966	7790	736	5002	23440000	95
20221003 005642	binary	custom	TRUE	TRUE	FALSE	-100	-1	0	0	0	31	471	TRUE	318601	0.0106764853407358	0.870214028880335	1616	36	7851	27260000	96
20221003 005702	binary	custom	TRUE	TRUE	FALSE	-100	-1	0	0	0	31	63	TRUE	318601	0.105987999139896	0.55636015750531	3557	621	9833	25700000	97
20221003 005818	binary	custom	TRUE	TRUE	FALSE	-100	-1	0	0	0	31	595	TRUE	318601	0.0232519614640245	0.239753033793508	7943	18	8251	26780000	98
20221003 005839	binary	custom	TRUE	TRUE	FALSE	-100	-1	0	0	0	31	105	TRUE	318601	0.0629670520283531	0.844365434133192	5362	1024	7825	27470000	99
20221003 005905	binary	custom	TRUE	TRUE	FALSE	-100	-1	0	0	0	31	176	TRUE	318601	0.0552722657751024	0.87003419282705	5589	1024	8427	27230000	100
20221003 005926	binary	custom	TRUE	TRUE	FALSE	-100	-1	0	0	0	31	78	TRUE	318601	0.0637456229780295	0.812009219519175	4494	1024	7923	26720000	101
20221003 005953	binary	custom	TRUE	TRUE	FALSE	-100	-1	0	0	0	31	144	TRUE	318601	0.0663946372455777	0.569150077691326	5591	17	9246	26790000	102
20221003 010011	binary	custom	TRUE	TRUE	FALSE	-100	-1	0	0	0	31	87	TRUE	318601	0.0768115709940558	0.888077235926345	5892	1022	7549	26830000	103
20221003 010034	binary	custom	TRUE	TRUE	FALSE	-100	-1	0	0	0	31	106	TRUE	318601	0.0651344249445268	0.849580053481935	5354	1016	9815	26770000	104
20221003 010108	binary	custom	TRUE	TRUE	FALSE	-100	-1	0	0	0	31	233	TRUE	318601	0.0630940102228984	0.280863373949468	5400	1018	7792	26580000	105
20221003 010137	binary	custom	TRUE	TRUE	FALSE	-100	-1	0	0	0	31	154	TRUE	318601	0.0619525227243537	0.738233564160289	5575	939	7825	26990000	106
20221003 010159	binary	custom	TRUE	TRUE	FALSE	-100	-1	0	0	0	31	117	TRUE	318601	0.062762291673367	0.999192785302471	5351	205	7940	27400000	107
20221003 010241	binary	custom	TRUE	TRUE	FALSE	-100	-1	0	0	0	31	262	TRUE	318601	0.0272298892496462	0.840617365288736	5345	1024	7746	27070000	108
20221003 010301	binary	custom	TRUE	TRUE	FALSE	-100	-1	0	0	0	31	95	TRUE	318601	0.0686881389092636	0.998175431342069	5278	996	8117	26890000	109
20221003 010417	binary	custom	TRUE	TRUE	FALSE	-100	-1	0	0	0	31	380	TRUE	318601	0.0168466891846077	0.241723125494884	1863	175	7953	27460000	110
20221003 010437	binary	custom	TRUE	TRUE	FALSE	-100	-1	0	0	0	31	80	TRUE	318601	0.0630511079664397	0.863657998752441	5950	187	7991	26740000	111
20221003 010753	binary	custom	TRUE	TRUE	FALSE	-100	-1	0	0	0	31	1271	TRUE	318601	0.00558771325288875	0.260923746385781	5121	213	9114	26740000	112
20221003 010832	binary	custom	TRUE	TRUE	FALSE	-100	-1	0	0	0	31	367	TRUE	318601	0.0553725328529988	0.999921651472239	7679	16	7683	26880000	113
20221003 011330	binary	custom	TRUE	TRUE	FALSE	-100	-1	0	0	0	31	1199	TRUE	318601	0.00513655097231458	0.928667298774721	2041	1024	8300	27800000	114
20221003 011756	binary	custom	TRUE	TRUE	FALSE	-100	-1	0	0	0	31	1336	TRUE	318601	0.00508710612114495	0.999939389778209	1737	1022	7590	26900000	115
20221003 012205	binary	custom	TRUE	TRUE	FALSE	-100	-1	0	0	0	31	1238	TRUE	318601	0.00511031686601427	0.88471006294128	1799	1009	9078	27210000	116
20221003 012513	binary	custom	TRUE	TRUE	FALSE	-100	-1	0	0	0	31	977	TRUE	318601	0.0058208480908735	0.921046214476219	2420	957	8257	27090000	117
20221003 012931	binary	custom	TRUE	TRUE	FALSE	-100	-1	0	0	0	31	1718	TRUE	318601	0.00528652799527132	0.549103902090094	28	19	11160	26720000	118
20221003 013041	binary	custom	TRUE	TRUE	FALSE	-100	-1	0	0	0	31	357	TRUE	318601	0.019227554434617	0.729407505697571	2085	1024	8310	27060000	119
20221003 013353	binary	custom	TRUE	TRUE	FALSE	-100	-1	0	0	0	31	841	TRUE	318601	0.00523519933204027	0.942146284371404	2036	320	8361	27200000	120
20221003 013711	binary	custom	TRUE	TRUE	FALSE	-100	-1	0	0	0	31	897	TRUE	318601	0.00511365566721161	0.285927429149046	620	52	6016	25730000	121
