Feature	Gain	Cover	Frequency
ctrx_quarter_normalizado	0.0845372353091986	0.0199847510048084	0.0144215530903328
ctrx_quarter	0.0627800745605431	0.0160817003591938	0.0142774816308889
pasivos	0.046581458372789	0.018523865529653	0.014464774528166
cpayroll_trx	0.0394463582808132	0.0134084083052717	0.00455265811842674
mpasivos_margen	0.0389196524729628	0.0129380929538192	0.0134850886039476
mpayroll_sobre_edad	0.0381330426018117	0.0307842344243715	0.0127503241607838
mcaja_ahorro	0.0367662519549134	0.0162526238200972	0.0198530471113672
activos	0.0320884820351401	0.0239309912934823	0.024146376602795
mpayroll	0.0270674151964859	0.0217777774497079	0.0113096095663449
mcuentas_saldo	0.026855358032209	0.0222296530522274	0.0232099121164097
total_payroll	0.0260392015992588	0.0227570078900832	0.0109926523555684
balance	0.0241473192771437	0.0154752598809614	0.0154444604523844
mprestamos_personales	0.0227716494985542	0.0171962262971909	0.00790952312346924
mtarjeta_visa_consumo	0.0206723118476303	0.0112296525197048	0.0102434807664602
mrentabilidad_annual	0.0186223402223626	0.0208447495534962	0.0182538539115401
limitecompra_vs_ingresos	0.0176354811680163	0.0197442975296241	0.0116409739230658
ctarjeta_visa_transacciones	0.0168984198946634	0.00950146478437766	0.0107909523123469
ctarjeta_debito_transacciones	0.0165279901891733	0.0117470397532248	0.0155741247658839
mv_status01	0.0151384021249721	0.0178418004537106	0.00292465062671085
tasa_rentabilidad	0.0145918391192924	0.0167885734742121	0.0224319262354128
mcomisiones_mantenimiento	0.0139062302465471	0.0174747519507912	0.00996974499351678
mcuenta_corriente	0.0129553254682554	0.00902994115251057	0.0120299668635643
mautoservicio	0.0106577153156049	0.0144662897170716	0.0164961821063247
mactivos_margen	0.00968497018208619	0.0116629139384427	0.0144215530903328
cprestamos_personales	0.00949148068748161	0.0109520671124834	0.00525860826970177
mrentabilidad	0.00935878809009382	0.0108956721841182	0.012202852614897
mv_msaldototal	0.00933521909185479	0.00804047791010294	0.0102434807664602
cliente_activo_en_tarjetas	0.00898686042385802	0.000961548703040418	0.000648321567497479
activos_vs_pasivos	0.0085802532743854	0.0115736912224751	0.0149690246362196
ccomisiones_otras	0.00777308357068552	0.0111066972239933	0.0112519809825674
cdescubierto_preacordado	0.00763384744573569	0.0116215076435305	0.00308312923209912
active_quarter	0.00714974128428467	0.00046722019651718	0.000316957210776545
total_saldo	0.00709418142996997	0.0051808483109742	0.00785189453969169
Visa_fechaalta	0.00705764103015256	0.0129677880049946	0.0142630744849445
ccomisiones_mantenimiento	0.00632748398150024	0.0121045659570316	0.00412044374009509
Master_fechaalta	0.00631796009857647	0.0118400007639963	0.0153724247226624
cproductos	0.00620958724691251	0.00733013240706216	0.00900446621524276
mvr_mpagominimo	0.00616931288258994	0.00963593490735016	0.0136435672093358
mcomisiones	0.0057932267470312	0.00817056518023351	0.0107621380204581
cliente_edad	0.00564614194793894	0.0105510009777506	0.0156749747874946
mv_msaldopesos	0.00553102459428728	0.00592793574943936	0.00805359458291312
Visa_mpagominimo	0.00543435515134093	0.00892595458295581	0.0138596743985017
mvr_msaldopesos	0.00536566258094959	0.00907536299436404	0.0111943523987898
ccajas_consultas	0.00533419419166868	0.011394543796637	0.00243480766460164
ccaja_seguridad	0.00524376013131503	0.013014033803328	0.00247802910243481
mv_mpagominimo	0.00503805332553134	0.00828319974740359	0.0109206166258464
mv_fechaalta	0.00492511186563766	0.005891233522761	0.0113240167122893
mcomisiones_otras	0.0048892983667702	0.00870607307454884	0.0113384238582337
Master_Fvencimiento	0.00481455804252017	0.00743985192682354	0.0129520242040052
mvr_msaldopesos2	0.00457528552079915	0.00987371796936459	0.0117130096527878
consumo_tarjeta_promedio	0.00422787971431861	0.00425237344794457	0.00649762282091918
mv_Fvencimiento	0.00396562171853449	0.00542376301932694	0.0101282235989051
mcuenta_debitos_automaticos	0.00388625181915789	0.010563361034034	0.0079671517072468
Visa_msaldototal	0.00377078693175539	0.00634869174952005	0.00979685924218412
Visa_mconsumospesos	0.00374555697467082	0.00712292437039828	0.0133266099985593
mvr_msaldototal	0.00367532385771465	0.00825419463569033	0.0098256735340729
mtransferencias_recibidas	0.00360518429910492	0.00521928637712142	0.0103443307880709
Visa_msaldopesos	0.00352405006757153	0.0064045747186955	0.0087019161504106
Visa_status	0.0034109227635454	0.00851935120540745	0.00162800749171589
Visa_cconsumos	0.00337916680227892	0.00547220130770842	0.00946549488546319
chomebanking_transacciones	0.00328238569812161	0.00382224263837944	0.00790952312346924
mv_status04	0.00327249728540926	0.00229905910431212	0.00110935023771791
cliente_antiguedad	0.00320123561869471	0.00491689151265468	0.0103587379340153
Visa_Fvencimiento	0.00315040676047631	0.00427159815369619	0.0088315804639101
numero_de_cliente	0.00279000592688481	0.00494033314541666	0.00976804495029535
ccallcenter_transacciones	0.00278286006477229	0.014588157276776	0.00371704365365221
mv_status06	0.00272147999556875	0.00152455561305926	0.000922057340440859
Visa_mpagospesos	0.00267594338831266	0.00544373439132068	0.00975363780435096
Master_mfinanciacion_limite	0.00258165930654607	0.00390924308273946	0.0098256735340729
mv_mpagospesos	0.00251436701889262	0.00358805676330357	0.00707390865869471
thomebanking	0.00250334690492237	0.00320841278796369	0.00283820775104452
mvr_mpagospesos	0.00247925327419093	0.00466378442010034	0.00782308024780291
mvr_mconsumospesos	0.00242673077790541	0.00970318025056529	0.0103299236421265
Master_mlimitecompra	0.00231794598970849	0.00348999317866852	0.00814003745857946
mtransferencias_emitidas	0.00229528137471143	0.00804874016561408	0.0106180665610143
Visa_mconsumototal	0.00227041238179791	0.00408870888763047	0.00789511597752485
Visa_mfinanciacion_limite	0.00211378281648192	0.00355875879958841	0.00711713009652788
mcaja_ahorro_dolares	0.00208283062240659	0.0037929602745288	0.00806800172885751
mv_mconsumospesos	0.0020256551637551	0.00421379214667778	0.00739086586947126
tiene_master	0.00197004208116897	0.000294823966587206	0.000417807232387264
cmobile_app_trx	0.00193883484120167	0.00327684726630516	0.00319838639965423
Master_status	0.00192951146773831	0.00319821827650784	0.000922057340440859
mpagomiscuentas	0.0019293005619833	0.00346928790395816	0.00655525140469673
internet	0.00192225001279837	0.00817037514552041	0.00214666474571387
mvr_mconsumototal	0.00189450377007882	0.0071016809003624	0.00744849445324881
mttarjeta_visa_debitos_automaticos	0.00183847865356521	0.0032469295625182	0.00597896556692119
mv_cconsumos	0.00182470275363144	0.00349641110474398	0.00551793689670076
ccajas_transacciones	0.00172024163727479	0.00240227064423475	0.00105172165394035
Visa_mlimitecompra	0.00170455584201075	0.00272560336320996	0.00607981558853191
ctransferencias_recibidas	0.00169858315933992	0.00378013080414063	0.00618066561014263
mvr_Master_mlimitecompra	0.00167775914704137	0.00424826075639252	0.0051001296643135
mv_status02	0.0016694329293306	0.00193571060562015	0.00063391442155309
tiene_visa	0.00165429229197019	0.00081741446400533	0.000302550064832157
tmobile_app	0.00165243660935519	0.00874658521359085	0.00118138596743985
cextraccion_autoservicio	0.00163924448430582	0.0090397889215235	0.0073332372856937
ccuenta_debitos_automaticos	0.00162884512628605	0.00474016419306954	0.00452384382653796
mextraccion_autoservicio	0.00153281587688057	0.00887121465839794	0.00917735196657542
usa_visa	0.00152516004254415	0.000875756539095009	0.000720357297219421
ctarjeta_master	0.00150002414261495	0.000594052767643615	0.000605100129664314
mv_mfinanciacion_limite	0.00138330799347468	0.00277638304943711	0.00602218700475436
mv_mconsumototal	0.00137413935010675	0.00276845973643664	0.00499927964270278
tcallcenter	0.00137035416699748	0.00401133285058702	0.00164241463766028
Master_mpagospesos	0.00131407702415057	0.00551041104856603	0.00443740095087163
Visa_mconsumosdolares	0.00131321179990401	0.00575840351281607	0.00531623685347933
mv_mlimitecompra	0.00131238340466114	0.00246245137608209	0.00520097968592422
Master_mconsumospesos	0.00129434872158964	0.00358209406963783	0.0041060365941507
ctarjeta_visa_debitos_automaticos	0.0012479478798818	0.00254681898876404	0.00358737934015272
num_tarjetas	0.00119710512424106	0.00193245236119227	0.00103731450799597
mvr_Visa_mlimitecompra	0.0011522609615799	0.00203584897223473	0.00354415790231955
ccaja_ahorro	0.00111069091975655	0.00601753002581617	0.00194496470249244
cpagomiscuentas	0.00109607856054989	0.00188791900253099	0.00374585794554099
mvr_msaldodolares2	0.00107165006732812	0.0038635496614266	0.00303990779426596
Master_msaldototal	0.00107122158032674	0.00311582121034713	0.00391874369687365
total_limitecompra	0.00104123444745557	0.00209843562864003	0.00426451519953897
Master_mpagominimo	0.000974775387845197	0.00248257661946666	0.00388992940498487
mv_status05	0.000963900706319899	0.00188345389585801	0.000734764443163809
matm	0.000962762149825959	0.00555662210174664	0.00678576573980694
Master_mconsumototal	0.000929645761604029	0.00249642929914959	0.00276617202132258
Master_msaldopesos	0.000870816410312924	0.00207596189656229	0.00325601498343178
ctransferencias_emitidas	0.000866553908464769	0.00259904449879716	0.00419247946981703
ctarjeta_debito	0.000717338151628522	0.00104479950724056	0.00207462901599193
Master_cconsumos	0.000693646120612654	0.00175932222854567	0.00208903616193632
mv_status07	0.000645682221631561	0.00108246112558614	0.000561878691831148
mtarjeta_master_consumo	0.000605336086917586	0.00117425214651955	0.00158478605388273
mv_fultimo_cierre	0.000600161042592995	0.00107390459990361	0.00200259328626999
catm_trx	0.00057336699102858	0.00561049623382434	0.00556115833453393
mvr_mconsumosdolares	0.000471794222374203	0.00192151047440954	0.0023627719348797
matm_other	0.000427999545578073	0.00286929867878458	0.00341449358882005
Master_fultimo_cierre	0.000409249968567252	0.000948233509598259	0.0014983431782164
Master_mconsumosdolares	0.000394503504711466	0.000408936266377029	0.000979685924218412
mv_status03	0.000358557091530715	0.000230663851120866	0.000288142918887768
mv_mconsumosdolares	0.000337921966506945	0.00228243532142481	0.00194496470249244
ctarjeta_visa	0.000327354633769915	0.000332728801002164	0.000129664313499496
ctarjeta_master_transacciones	0.000325324660383309	0.000760786955842007	0.000835614464774528
Master_madelantopesos	0.00024589850414428	0.000257743797736911	0.000475435816164818
catm_trx_other	0.000240305155297775	0.00213792739472628	0.00305431494021034
Visa_fultimo_cierre	0.000235081134082698	0.000741950119448836	0.000950871632329635
Visa_mpagosdolares	0.000228738817101806	0.00107383510959808	0.00103731450799597
Visa_msaldodolares	0.000227506718618754	0.00172092245297497	0.00110935023771791
Visa_mpagado	0.000224940120341036	0.000996994431541147	0.000504250108053595
usa_master	0.000224262640267427	0.000303559890711575	0.000374585794554099
cseguro_vida	0.000206027836862762	0.00154702012703524	0.000461028670220429
mvr_msaldodolares	0.000200887481191678	0.00150896638482271	0.00122460740527302
Master_mpagosdolares	0.00018110357205045	0.00021805561517481	0.00054747154588676
Master_madelantodolares	0.000174465293674717	0.000189844678381951	0.00027373577294338
Master_cadelantosefectivo	0.000159872758741244	0.000263095260347837	0.000244921481054603
pagado_vs_saldo	0.000144226859749654	0.00149888674509642	0.000403400086442876
mvr_mpagado	0.000141711309219969	0.000418357166370241	0.000475435816164818
Visa_madelantopesos	9.82696267570097e-05	0.00127038631154888	0.000533064399942371
Visa_cadelantosefectivo	9.63000704660458e-05	0.000849258041974256	0.000374585794554099
mvr_mpagosdolares	9.16676404795969e-05	0.0003070074607678	0.00036017864860971
Master_mpagado	8.80965237352265e-05	0.000353146187303876	0.000259328626998992
mv_msaldodolares	8.67741613963977e-05	0.000837317763863034	0.000734764443163809
ccheques_depositados	7.82355279169215e-05	0.000976145921711219	0.000144071459443884
mv_mpagado	7.02330428437579e-05	0.000348217339204161	0.000259328626998992
tcuentas	6.26744281695221e-05	0.000717380332849048	0.000144071459443884
ccajas_otras	5.63347790851403e-05	0.000597389011394034	8.64428756663305e-05
total_pagado	5.3103092878662e-05	0.000259929906022254	0.000129664313499496
mplazo_fijo_dolares	5.18428106029908e-05	0.000570616807559644	0.000475435816164818
Master_msaldodolares	4.81703634104519e-05	0.000210255682920909	0.000201700043221438
mcheques_depositados	4.30931042195117e-05	0.000580004380569589	8.64428756663305e-05
ctarjeta_master_debitos_automaticos	4.28211638800123e-05	8.13263481876754e-05	0.000129664313499496
mttarjeta_master_debitos_automaticos	4.11531326219667e-05	0.00021059746177058	0.000201700043221438
Master_delinquency	3.59493694998335e-05	7.96685080413462e-05	0.000100850021610719
cplazo_fijo	3.3451339571413e-05	0.000152283750070915	0.000201700043221438
mv_mpagosdolares	3.2633170987245e-05	0.000272839502987211	0.000230514335110215
mtarjeta_visa_descuentos	2.53470876749907e-05	0.000334511440064556	0.000187292897277049
Visa_Finiciomora	2.15296867003517e-05	0.000283732462922159	4.32214378331653e-05
ccajas_depositos	2.10834176560766e-05	7.43688086171956e-05	4.32214378331653e-05
cseguro_vivienda	2.06133536584149e-05	8.44909934285082e-05	8.64428756663305e-05
Visa_madelantodolares	2.04335617815012e-05	0.000154778310222662	0.000172885751332661
mvr_madelantopesos	2.02290660744557e-05	4.00788882595454e-05	5.76285837775537e-05
mv_Finiciomora	1.91700419388384e-05	0.000176580539041817	2.88142918887768e-05
cseguro_accidentes_personales	1.72214315194305e-05	8.88958278977112e-05	8.64428756663305e-05
ctarjeta_visa_descuentos	9.43653554632236e-06	6.23923671837055e-05	2.88142918887768e-05
cforex	8.59571235608068e-06	0.000381196870943156	0.000201700043221438
ccajeros_propios_descuentos	8.57172147026665e-06	0.000469053180596847	0.00027373577294338
ctarjeta_master_descuentos	6.41875550397949e-06	0.000104862998306197	1.44071459443884e-05
mtarjeta_master_descuentos	6.14544132380233e-06	0.000101903987642967	1.44071459443884e-05
mcajeros_propios_descuentos	4.83411511866407e-06	0.000554609928405138	0.00027373577294338
ccajas_extracciones	4.03120783300438e-06	5.44385635389774e-05	1.44071459443884e-05
mforex_sell	2.0808413077037e-06	0.000147784607329914	8.64428756663305e-05
minversion1_pesos	1.06674564816996e-06	4.17572918636349e-05	2.88142918887768e-05
cforex_sell	1.78400660148419e-07	2.64814790867447e-05	1.44071459443884e-05
Visa_delinquency	6.8520323051022e-11	1.71775780773414e-05	1.44071459443884e-05
